0 0
0 360
0 719
450 719
662 719
899 719
899 360
899 0
642 0
450 0
280 268
255 298
253 338
266 358
273 319
274 421
265 454
264 481
277 502
283 465
295 291
284 317
282 343
300 359
307 323
292 323
299 415
285 438
291 468
304 492
311 456
298 451
292 389
327 393
356 393
372 332
391 361
400 386
399 410
387 434
420 307
415 351
419 385
416 406
420 450
428 405
431 386
426 349
452 353
454 381
451 411
460 415
470 382
459 349
265 177
332 175
401 198
476 248
527 301
556 377
528 454
481 491
405 530
346 539
292 541
635 382
