0 0
0 360
0 719
450 719
526 719
889 719
899 360
899 0
605 0
450 0
220 291
202 313
199 340
208 364
215 329
208 421
194 447
203 478
228 497
215 459
239 300
226 320
221 350
237 365
240 335
229 335
233 421
221 435
223 464
235 483
237 452
226 453
220 389
253 393
281 395
305 342
316 363
320 387
315 417
305 442
345 329
333 379
335 392
333 407
346 456
346 407
347 390
343 375
371 376
369 387
368 406
388 409
385 390
391 372
209 219
262 222
325 242
375 285
427 320
462 379
426 461
374 494
319 530
270 547
209 547
494 362
